solid Exported from Blender-2.76 (sub 0)
facet normal 0.000000 0.000000 1.000000
outer loop
vertex -0.000000 0.618396 0.000000
vertex -0.195090 0.980785 0.000000
vertex -0.236650 0.571323 0.000000
endloop
endfacet
facet normal 0.000000 0.000000 1.000000
outer loop
vertex -0.236650 0.571323 0.000000
vertex -0.555570 0.831470 0.000000
vertex -0.437272 0.437272 0.000000
endloop
endfacet
facet normal 0.000000 0.000000 1.000000
outer loop
vertex -0.437272 0.437272 0.000000
vertex -0.831470 0.555570 0.000000
vertex -0.571323 0.236650 0.000000
endloop
endfacet
facet normal 0.000000 0.000000 1.000000
outer loop
vertex -0.571323 0.236650 0.000000
vertex -0.980785 0.195090 0.000000
vertex -0.618396 0.000000 0.000000
endloop
endfacet
facet normal 0.000000 0.000000 1.000000
outer loop
vertex -0.618396 0.000000 0.000000
vertex -0.980785 -0.195090 0.000000
vertex -0.571323 -0.236650 0.000000
endloop
endfacet
facet normal 0.000000 0.000000 1.000000
outer loop
vertex -0.571323 -0.236650 0.000000
vertex -0.831470 -0.555570 0.000000
vertex -0.437272 -0.437272 0.000000
endloop
endfacet
facet normal 0.000000 0.000000 1.000000
outer loop
vertex -0.437272 -0.437272 0.000000
vertex -0.555570 -0.831470 0.000000
vertex -0.236650 -0.571323 0.000000
endloop
endfacet
facet normal 0.000000 0.000000 1.000000
outer loop
vertex -0.236650 -0.571323 0.000000
vertex -0.195090 -0.980785 0.000000
vertex 0.000000 -0.618396 0.000000
endloop
endfacet
facet normal 0.000000 0.000000 1.000000
outer loop
vertex 0.000000 -0.618396 0.000000
vertex 0.195091 -0.980785 0.000000
vertex 0.236650 -0.571323 0.000000
endloop
endfacet
facet normal 0.000000 0.000000 1.000000
outer loop
vertex 0.236650 -0.571323 0.000000
vertex 0.555571 -0.831469 0.000000
vertex 0.437272 -0.437272 0.000000
endloop
endfacet
facet normal 0.000000 0.000000 1.000000
outer loop
vertex 0.437272 -0.437272 0.000000
vertex 0.831470 -0.555570 0.000000
vertex 0.571324 -0.236649 0.000000
endloop
endfacet
facet normal 0.000000 0.000000 1.000000
outer loop
vertex 0.571324 -0.236649 0.000000
vertex 0.980785 -0.195089 0.000000
vertex 0.618396 0.000001 0.000000
endloop
endfacet
facet normal 0.000000 0.000000 1.000000
outer loop
vertex 0.618396 0.000001 0.000000
vertex 0.980785 0.195091 0.000000
vertex 0.571323 0.236651 0.000000
endloop
endfacet
facet normal 0.000000 0.000000 1.000000
outer loop
vertex 0.571323 0.236651 0.000000
vertex 0.831469 0.555571 0.000000
vertex 0.437271 0.437273 0.000000
endloop
endfacet
facet normal 0.000000 0.000000 1.000000
outer loop
vertex 0.437271 0.437273 0.000000
vertex 0.555569 0.831470 0.000000
vertex 0.236649 0.571324 0.000000
endloop
endfacet
facet normal 0.000000 0.000000 1.000000
outer loop
vertex 0.236649 0.571324 0.000000
vertex 0.195089 0.980786 0.000000
vertex -0.000000 0.618396 0.000000
endloop
endfacet
facet normal 0.000000 0.000000 1.000000
outer loop
vertex -0.000000 0.618396 0.000000
vertex -0.236650 0.571323 0.000000
vertex -0.437272 0.437272 0.000000
endloop
endfacet
facet normal 0.000000 0.000000 1.000000
outer loop
vertex -0.437272 0.437272 0.000000
vertex -0.571323 0.236650 0.000000
vertex -0.618396 0.000000 0.000000
endloop
endfacet
facet normal 0.000000 0.000000 1.000000
outer loop
vertex -0.618396 0.000000 0.000000
vertex -0.571323 -0.236650 0.000000
vertex -0.437272 -0.437272 0.000000
endloop
endfacet
facet normal 0.000000 0.000000 1.000000
outer loop
vertex -0.437272 -0.437272 0.000000
vertex -0.236650 -0.571323 0.000000
vertex 0.000000 -0.618396 0.000000
endloop
endfacet
facet normal 0.000000 0.000000 1.000000
outer loop
vertex 0.000000 -0.618396 0.000000
vertex 0.236650 -0.571323 0.000000
vertex 0.437272 -0.437272 0.000000
endloop
endfacet
facet normal 0.000000 0.000000 1.000000
outer loop
vertex 0.437272 -0.437272 0.000000
vertex 0.571324 -0.236649 0.000000
vertex 0.618396 0.000001 0.000000
endloop
endfacet
facet normal 0.000000 0.000000 1.000000
outer loop
vertex 0.618396 0.000001 0.000000
vertex 0.571323 0.236651 0.000000
vertex 0.437271 0.437273 0.000000
endloop
endfacet
facet normal 0.000000 0.000000 1.000000
outer loop
vertex 0.437271 0.437273 0.000000
vertex 0.236649 0.571324 0.000000
vertex -0.000000 0.618396 0.000000
endloop
endfacet
facet normal 0.000000 0.000000 1.000000
outer loop
vertex -0.000000 0.618396 0.000000
vertex -0.437272 0.437272 0.000000
vertex -0.618396 0.000000 0.000000
endloop
endfacet
facet normal 0.000000 0.000000 1.000000
outer loop
vertex -0.618396 0.000000 0.000000
vertex -0.437272 -0.437272 0.000000
vertex 0.000000 -0.618396 0.000000
endloop
endfacet
facet normal 0.000000 0.000000 1.000000
outer loop
vertex 0.000000 -0.618396 0.000000
vertex 0.437272 -0.437272 0.000000
vertex 0.618396 0.000001 0.000000
endloop
endfacet
facet normal 0.000000 0.000000 1.000000
outer loop
vertex 0.618396 0.000001 0.000000
vertex 0.437271 0.437273 0.000000
vertex -0.000000 0.618396 0.000000
endloop
endfacet
facet normal 0.000000 0.000000 1.000000
outer loop
vertex -0.000000 0.618396 0.000000
vertex -0.618396 0.000000 0.000000
vertex 0.000000 -0.618396 0.000000
endloop
endfacet
facet normal 0.000000 0.000000 1.000000
outer loop
vertex 0.000000 -0.618396 0.000000
vertex 0.618396 0.000001 0.000000
vertex -0.000000 0.618396 0.000000
endloop
endfacet
endsolid Exported from Blender-2.76 (sub 0)
